16
10 6 12 7 13 14 11 8 2 5 1 4 16 15 9 3
10 2 9 4 8 15 13 3 5 7 6 11 12 14 16 1
10 13 9 8 6 4 2 12 5 15 14 11 1 3 7 16
4 6 14 13 7 10 11 5 3 16 9 15 8 1 2 12
16 15 7 8 9 14 4 2 6 3 5 1 10 12 13 11
5 6 2 15 10 14 1 16 8 3 13 11 12 4 7 9
13 9 8 15 16 1 7 3 11 10 6 2 14 12 4 5
10 4 13 14 2 3 8 16 7 5 6 12 9 1 11 15
15 8 14 2 5 9 3 13 4 11 6 16 12 7 1 10
2 6 8 12 7 14 9 3 10 5 11 1 4 13 15 16
4 1 5 9 11 16 7 10 3 2 6 12 8 15 13 14
14 7 11 8 13 5 2 16 3 6 15 12 4 9 10 1
5 3 14 1 2 15 6 7 4 10 13 8 9 11 16 12
12 5 14 6 16 15 2 10 4 8 7 9 3 13 1 11
2 6 1 5 16 10 11 13 3 8 14 12 15 9 4 7
1 10 15 8 6 7 9 2 13 11 5 14 4 12 3 16
16 13 2 11 15 1 5 12 3 14 9 7 6 10 4 8
11 3 8 4 7 6 10 15 1 12 13 9 5 14 2 16
1 14 10 6 9 7 11 8 12 4 5 16 2 13 3 15
7 6 4 5 9 11 14 15 3 1 12 10 16 8 13 2
13 16 9 12 7 11 8 3 15 10 1 4 2 5 6 14
6 7 2 16 3 8 10 12 5 1 4 15 9 13 11 14
6 16 8 4 11 14 15 13 5 3 2 12 1 10 9 7
9 5 16 10 1 2 7 15 6 13 14 12 3 8 4 11
8 13 14 3 2 1 11 4 5 10 15 16 7 6 12 9
8 3 7 11 12 14 6 10 9 2 1 5 4 15 16 13
7 11 5 10 3 13 9 16 14 4 15 12 6 1 8 2
14 15 9 5 4 7 10 11 6 1 16 8 2 3 12 13
16 9 2 12 14 5 6 7 1 15 8 10 4 11 3 13
8 15 12 14 4 5 3 2 6 10 11 7 1 16 9 13
8 1 4 10 2 9 11 3 7 16 15 14 13 5 6 12
10 5 13 6 8 12 2 9 3 7 4 16 15 11 1 14