64
53 13 39 51 46 23 61 40 48 30 35 1 9 17 29 38 18 49 4 57 55 5 28 33 11 2 26 37 52 3 20 22 34 24 36 25 64 12 44 31 32 58 27 63 8 10 42 19 21 41 56 59 6 50 54 7 43 45 16 15 47 60 14 62
38 59 56 52 13 63 14 51 25 23 1 9 33 10 21 35 8 57 18 41 32 46 36 55 5 6 58 61 26 37 48 60 2 22 7 27 42 39 47 24 28 11 19 30 44 12 4 15 45 64 31 40 43 17 16 62 54 49 53 50 34 29 20 3
31 41 30 32 34 22 47 7 43 38 64 16 50 6 59 37 28 19 21 17 63 10 13 46 61 36 18 48 26 20 15 33 40 5 62 56 35 1 52 24 55 9 3 23 60 49 54 12 42 27 4 58 57 39 8 53 44 45 2 25 51 14 29 11
4 58 61 13 14 21 51 60 31 37 62 25 23 44 54 15 45 46 9 20 22 42 55 11 39 33 17 56 26 2 6 28 41 10 40 59 48 34 29 5 35 27 7 16 12 8 38 50 57 43 52 30 32 18 36 63 53 19 47 64 1 24 3 49
45 55 11 26 17 31 21 64 5 47 50 16 39 54 53 41 38 52 3 1 2 44 34 19 6 15 4 62 57 7 12 58 43 48 63 60 13 10 18 20 14 30 9 61 36 23 56 51 27 59 42 25 35 8 24 33 28 49 46 22 37 40 32 29
9 45 36 55 27 60 4 32 59 34 53 57 40 47 20 38 18 23 37 31 12 28 24 62 54 42 49 15 25 48 2 52 1 16 13 46 30 5 29 6 35 14 26 8 63 7 58 3 44 19 21 22 17 41 51 50 33 64 39 43 61 10 11 56
14 52 15 60 24 16 9 54 55 3 40 42 53 32 12 56 41 61 37 1 45 5 18 50 34 29 33 26 27 28 59 19 7 49 8 25 22 35 46 31 63 38 47 51 2 20 23 43 11 58 44 17 6 4 13 64 21 30 39 62 36 57 10 48
35 4 18 61 21 60 11 55 32 49 56 41 26 51 27 62 14 33 53 36 54 42 8 6 10 46 59 5 22 38 50 29 30 3 48 24 2 58 25 1 43 9 13 16 20 34 40 45 57 28 63 39 47 7 23 37 31 17 52 44 64 12 19 15
7 20 62 39 16 4 63 33 43 32 41 51 46 49 47 25 38 34 21 19 9 11 14 1 42 26 58 17 30 22 64 6 10 27 18 12 40 55 37 35 2 29 48 13 44 60 3 15 24 5 57 28 59 36 54 53 52 61 50 45 23 8 31 56
12 17 31 26 56 19 3 9 28 34 48 58 14 53 5 27 6 36 51 30 1 62 25 8 2 54 16 46 23 59 61 18 15 22 11 52 20 44 41 37 13 63 60 21 55 64 35 49 39 24 32 10 45 29 57 7 47 50 4 33 42 38 43 40
35 8 33 4 45 32 20 18 22 6 7 30 1 39 46 12 58 15 49 59 64 47 13 34 48 42 53 27 57 31 40 10 28 50 37 29 9 41 14 43 21 54 23 25 16 51 63 55 38 5 60 17 52 56 36 26 3 61 24 62 2 19 11 44
56 15 54 18 60 57 2 34 20 50 9 7 25 64 4 61 53 29 47 40 49 28 38 5 11 59 27 10 46 52 41 8 44 35 21 14 36 30 19 63 58 43 17 51 12 32 16 3 55 31 26 42 13 1 24 39 23 45 37 48 62 22 33 6
57 54 16 56 32 41 6 26 52 40 20 45 9 2 42 14 5 31 22 10 17 51 63 58 44 13 43 18 47 15 38 28 30 12 49 60 35 8 27 46 53 7 19 55 37 39 24 21 64 36 23 25 34 59 33 29 50 48 61 4 3 62 11 1
22 15 53 50 1 14 5 64 51 23 16 20 13 21 62 63 27 36 24 33 12 59 46 56 34 26 44 60 6 54 40 11 32 57 31 49 29 19 17 37 4 9 25 52 3 48 58 45 38 7 43 28 18 55 41 8 39 35 47 2 10 61 30 42
21 10 41 52 33 47 40 51 23 27 5 59 29 17 43 13 30 42 37 3 57 18 2 60 26 7 44 15 25 14 45 31 62 55 19 1 22 36 49 39 32 11 20 9 64 24 6 54 61 48 28 38 50 4 8 58 34 46 53 35 16 56 63 12
33 18 21 13 34 10 28 11 15 62 20 39 40 27 30 58 45 4 55 47 12 5 9 57 31 36 44 29 48 25 43 38 23 19 63 6 37 8 2 16 49 53 3 7 32 14 50 54 46 64 60 24 56 22 59 51 41 35 61 17 42 52 26 1
32 2 39 49 35 22 19 11 43 48 24 34 12 27 46 7 64 14 15 21 33 30 53 37 29 1 60 36 26 16 57 18 40 17 20 54 28 45 3 47 62 6 5 51 9 58 50 55 10 56 61 41 42 38 52 59 4 25 63 13 31 23 44 8
26 59 37 36 62 29 16 17 7 30 47 5 10 50 53 24 20 23 39 31 4 1 54 38 42 51 55 56 41 35 27 63 15 11 25 28 34 19 3 58 33 49 21 6 8 22 13 14 40 57 52 60 18 61 64 2 32 44 45 12 46 48 43 9
55 52 58 10 37 23 7 16 61 53 51 17 2 34 49 48 38 32 60 33 41 6 50 62 57 44 18 20 59 25 24 42 63 22 28 8 30 35 45 11 56 19 4 54 3 1 5 9 64 39 36 46 29 31 26 15 13 47 40 21 14 43 27 12
1 35 50 64 17 41 39 3 2 60 42 43 4 8 22 61 11 10 32 40 52 19 45 46 21 27 48 62 55 15 23 34 13 56 36 31 9 57 24 54 6 38 20 51 25 26 5 12 16 59 33 7 29 47 49 37 63 18 58 44 53 28 14 30
52 42 36 6 7 37 31 47 48 22 55 14 54 38 17 1 30 20 9 59 3 8 56 50 27 57 46 21 45 32 44 25 18 61 19 15 29 23 58 40 62 16 35 26 41 51 24 53 43 2 11 5 12 49 4 60 63 13 34 28 10 64 39 33
6 34 37 55 19 5 54 7 36 9 63 10 64 11 17 15 28 60 14 50 2 52 59 35 3 45 46 51 8 56 12 61 29 39 4 27 16 40 23 32 47 25 31 44 26 30 33 22 57 48 20 38 24 53 18 42 41 1 49 58 62 13 43 21
26 22 18 7 57 49 42 32 23 38 53 24 3 60 46 34 44 36 45 28 2 43 6 40 27 20 13 50 12 10 11 41 30 63 39 58 5 61 17 25 62 31 16 52 37 33 29 59 64 51 35 14 8 21 1 4 55 47 9 54 48 15 19 56
29 33 48 22 40 24 5 53 20 38 41 15 28 21 34 52 16 58 6 13 8 32 56 44 30 17 47 26 61 3 63 62 19 4 10 42 31 11 49 64 23 36 27 43 25 55 46 45 54 35 9 50 12 51 2 14 37 39 7 60 57 59 18 1
1 63 55 54 24 17 29 40 16 33 28 11 21 44 35 12 52 18 61 30 31 37 59 50 46 6 57 47 49 34 19 26 5 4 3 39 22 41 38 43 14 48 51 36 23 10 25 7 53 13 32 64 15 60 20 8 56 27 9 45 2 58 62 42
9 52 20 64 43 55 35 12 19 13 63 56 28 42 34 60 18 26 3 58 21 44 37 59 22 53 36 46 10 40 25 62 57 50 27 8 30 6 45 7 16 41 38 2 24 49 39 1 61 17 29 11 31 33 14 48 32 4 23 51 54 47 15 5
11 41 15 55 45 35 7 26 25 46 8 24 14 64 23 32 63 10 19 51 44 22 4 47 50 33 6 17 42 9 30 56 53 61 36 43 21 29 34 16 52 1 62 5 59 40 3 18 20 31 38 49 37 60 57 12 2 58 48 54 27 13 28 39
3 54 13 4 48 15 14 5 50 32 9 28 16 46 53 23 26 31 19 62 64 24 27 52 12 11 20 41 2 59 10 49 55 29 17 18 39 8 60 42 61 58 44 63 34 35 33 43 1 21 25 40 22 30 51 47 37 7 56 6 38 57 45 36
53 3 11 4 26 22 35 57 60 45 5 49 27 8 46 30 63 28 48 7 34 62 16 14 39 54 21 58 40 52 44 17 2 61 18 64 43 37 32 55 31 38 51 12 50 47 41 24 20 42 6 56 19 59 23 29 15 13 36 1 9 10 33 25
52 20 21 24 50 59 42 10 39 44 15 51 17 11 36 6 23 16 9 38 28 40 31 49 47 54 26 33 64 3 22 62 45 1 4 30 18 8 60 19 29 13 27 41 2 14 32 46 12 56 34 37 58 43 48 55 61 25 35 5 63 53 7 57
24 26 56 54 60 51 8 61 63 14 55 22 38 64 27 42 31 19 6 39 30 50 13 28 15 25 29 10 17 3 32 45 2 62 23 21 40 11 43 48 46 33 52 47 7 34 20 36 12 9 49 57 53 1 58 35 59 44 41 16 5 18 4 37
19 56 38 53 18 54 15 27 48 64 49 17 52 1 25 24 44 42 26 47 20 37 31 51 63 35 36 29 50 58 60 2 10 6 59 13 30 9 4 14 21 34 55 11 43 23 7 46 33 39 28 61 16 22 8 40 57 32 62 41 3 45 5 12
30 52 46 39 48 50 18 38 31 27 41 11 7 26 2 33 29 56 64 25 21 14 61 59 1 63 49 15 60 8 12 42 45 43 47 53 3 37 40 62 4 17 32 28 22 13 35 5 36 58 55 16 19 10 24 51 54 6 44 23 9 20 57 34
27 2 30 37 12 24 46 40 22 16 26 39 33 28 61 41 58 49 29 4 1 55 64 18 62 5 35 51 11 47 53 34 14 42 59 31 38 52 63 17 32 44 7 10 54 48 45 25 56 36 43 20 9 19 13 3 50 57 60 6 15 8 23 21
49 45 19 56 10 62 27 58 48 51 63 55 50 35 14 28 8 3 16 53 43 2 21 9 60 5 41 22 42 34 36 17 44 64 39 32 46 4 52 61 25 57 33 59 15 30 6 47 18 20 23 40 7 12 54 1 31 13 11 38 26 37 29 24
2 58 44 42 37 32 59 31 34 43 52 26 8 47 57 25 16 48 63 53 51 24 7 17 14 61 1 6 19 46 20 5 64 33 40 13 10 62 9 28 29 21 27 23 56 15 30 4 39 38 36 49 18 3 11 12 22 35 55 54 50 41 45 60
45 62 26 39 42 21 4 9 19 28 55 64 40 59 63 48 57 3 17 33 23 7 5 61 29 47 13 32 38 60 46 31 16 56 49 11 1 43 30 24 6 12 15 58 35 10 53 2 50 37 14 44 18 36 54 34 25 20 52 41 8 27 51 22
51 21 25 7 58 36 3 14 48 28 17 63 27 6 2 13 9 59 56 1 26 11 33 46 64 10 44 40 57 32 60 20 18 22 45 19 38 16 8 4 54 62 55 49 61 15 12 31 24 41 39 50 5 34 42 53 35 23 47 30 29 43 52 37
22 35 1 27 46 41 31 52 61 63 47 55 42 57 4 39 10 54 33 48 23 6 25 58 2 38 45 16 62 30 13 5 17 51 26 34 21 53 59 15 11 12 49 64 50 18 8 36 20 7 60 40 43 32 24 29 9 3 14 56 19 28 37 44
14 64 27 28 61 12 47 40 9 1 52 20 4 62 19 63 16 21 23 2 42 5 59 8 30 38 11 37 55 3 39 10 31 60 33 36 43 41 54 13 46 57 26 34 15 32 25 7 18 24 45 44 29 17 48 35 50 22 58 56 51 6 53 49
2 22 14 40 60 1 57 53 4 8 13 63 55 59 45 9 28 41 7 54 18 38 50 48 26 34 32 43 3 24 44 64 62 36 42 30 21 27 56 52 11 19 15 17 39 37 12 29 23 10 31 20 35 33 5 16 61 49 51 6 58 47 46 25
21 33 38 42 6 59 29 50 44 34 61 54 15 52 63 53 17 36 35 5 19 30 26 4 37 39 55 1 45 28 14 64 24 41 20 2 49 11 60 40 51 13 3 31 43 48 9 32 7 46 12 27 57 62 18 22 8 16 56 23 10 58 25 47
8 62 37 2 47 33 29 11 50 35 38 28 14 63 18 61 4 57 15 21 56 31 30 13 9 53 16 3 58 12 17 43 40 48 34 49 32 1 27 10 26 45 54 46 23 51 5 60 24 22 19 39 7 42 64 6 59 55 25 44 52 41 20 36
44 13 37 35 11 54 46 31 47 20 61 19 60 1 62 57 24 21 52 59 56 49 4 48 26 18 16 55 15 40 7 53 43 27 28 3 45 8 2 30 32 29 14 63 22 51 25 9 34 36 33 12 10 50 64 6 23 41 39 42 58 38 5 17
48 7 10 33 8 42 20 12 9 40 60 27 49 37 26 15 1 19 56 32 46 28 47 25 52 51 50 44 62 58 41 64 53 36 14 4 61 29 22 35 39 34 16 13 23 3 24 57 59 18 38 6 30 2 43 5 54 63 31 21 55 11 45 17
49 25 21 63 10 58 4 64 36 19 14 44 60 32 9 35 5 7 3 61 47 59 2 54 57 33 30 40 56 24 53 8 50 37 38 46 62 1 34 41 27 23 18 55 13 16 20 31 12 52 51 45 11 42 6 15 29 48 22 28 26 17 39 43
13 10 33 63 27 62 23 49 46 1 48 26 53 16 37 19 32 61 64 57 5 24 44 11 39 59 31 28 17 20 8 45 25 6 51 35 38 21 58 47 2 15 22 42 18 50 56 60 40 9 36 3 54 30 43 14 4 7 41 34 29 12 55 52
48 53 14 61 63 36 20 11 5 54 16 62 32 39 58 55 37 23 45 3 22 7 60 43 57 59 44 26 12 46 6 10 21 18 13 30 38 19 24 15 28 9 52 51 2 64 35 27 17 1 50 29 47 4 25 34 8 56 40 33 41 31 49 42
16 28 5 3 23 37 34 51 32 35 52 62 47 4 59 53 57 25 50 26 1 48 24 12 46 39 8 13 58 38 61 30 36 6 18 45 31 19 60 56 27 15 43 20 64 63 29 10 9 44 54 7 33 21 17 40 11 42 22 49 14 55 41 2
57 17 21 3 42 5 55 49 16 25 22 60 20 36 19 27 39 35 62 8 2 53 30 9 32 11 14 40 58 44 43 54 1 56 10 18 37 7 33 34 26 48 64 24 38 29 46 31 12 6 15 45 41 47 51 50 28 52 61 4 23 13 63 59
41 53 16 47 19 39 55 34 18 23 60 1 4 57 54 9 37 27 63 46 25 29 36 15 30 64 40 62 31 26 33 24 44 20 38 14 2 22 35 8 48 45 12 52 7 21 56 13 49 28 3 59 50 17 42 5 58 11 6 51 43 10 32 61
50 40 4 22 14 60 59 10 51 31 41 26 29 56 11 23 46 35 28 3 44 37 47 62 52 34 9 1 49 24 25 61 8 39 33 19 15 30 5 63 20 2 21 54 55 6 58 12 7 27 48 32 18 42 64 53 17 43 13 57 45 36 38 16
17 55 14 21 15 35 60 20 49 3 48 30 10 22 39 5 51 7 41 18 27 33 19 40 4 37 8 59 52 32 64 25 43 56 1 47 42 28 13 31 61 16 38 57 45 12 50 46 9 36 29 63 34 6 53 58 23 62 11 24 2 54 26 44
31 9 45 50 35 20 27 28 40 22 48 59 38 60 24 25 57 46 15 37 5 44 2 19 11 10 8 39 21 7 1 55 13 32 23 36 18 61 54 51 62 49 17 52 6 12 33 58 4 56 3 16 64 53 43 47 29 14 34 42 30 26 41 63
61 4 24 51 25 55 8 54 44 64 39 37 34 22 27 32 50 41 11 38 16 49 45 43 5 6 12 31 35 14 46 28 2 13 10 17 48 19 29 7 47 60 56 62 33 26 15 40 20 52 57 21 58 42 30 63 18 53 1 9 36 23 3 59
61 9 25 53 44 58 37 26 4 5 42 35 60 46 16 64 29 55 57 28 8 30 39 63 52 1 33 12 14 45 27 36 56 40 34 43 17 62 3 31 13 6 23 10 51 15 59 48 24 54 19 50 38 41 47 49 21 20 11 22 18 32 2 7
56 3 45 23 29 7 35 52 6 9 38 55 14 25 60 15 28 4 34 58 27 31 36 59 32 46 51 1 12 26 53 21 16 47 30 11 48 22 50 49 2 17 20 54 44 5 41 18 40 10 63 42 62 37 64 39 13 33 57 24 43 61 8 19
27 16 53 1 40 46 54 56 36 13 5 23 14 49 11 22 55 18 38 30 26 25 35 60 19 50 12 2 28 43 58 39 59 47 42 62 61 24 63 31 8 52 37 29 41 45 7 20 15 33 17 57 51 10 34 3 64 48 4 9 6 32 44 21
28 30 6 9 11 37 54 56 47 4 7 25 1 21 52 22 46 31 36 51 29 35 62 44 61 27 20 19 34 2 24 10 64 32 57 12 13 59 41 14 16 23 15 3 39 18 38 8 26 40 33 17 50 63 58 42 48 45 43 5 53 60 49 55
36 62 1 48 17 12 59 41 34 54 20 19 7 46 43 28 25 5 13 45 50 56 4 30 26 16 37 27 57 64 49 55 6 29 39 53 2 3 58 40 21 24 63 60 22 14 61 33 44 32 35 38 42 11 18 15 52 31 51 8 9 23 47 10
43 34 16 41 40 1 5 42 13 56 7 28 20 9 35 24 22 15 60 3 21 46 53 45 48 2 58 14 63 27 59 26 17 4 37 32 12 39 10 6 25 51 64 62 19 29 61 50 30 44 52 47 36 33 23 54 8 18 11 31 55 38 49 57
48 36 22 17 33 50 59 24 9 58 40 51 29 18 16 31 62 60 49 44 41 56 43 2 34 11 3 64 27 32 38 19 55 39 37 54 61 4 23 1 6 26 20 25 13 15 35 57 42 14 52 53 12 30 47 5 63 21 46 10 7 8 28 45
5 2 30 22 24 51 54 3 58 61 44 39 23 59 60 26 27 13 7 29 28 57 34 35 9 40 55 20 62 63 41 56 15 18 32 37 50 33 38 45 64 49 31 52 47 19 36 16 48 42 14 8 12 11 43 4 46 1 53 17 6 21 10 25
5 8 7 41 17 1 55 58 44 31 52 32 16 57 23 20 45 50 39 62 9 10 18 36 61 56 60 63 28 11 64 43 4 27 59 49 46 2 54 48 37 51 3 14 30 35 47 22 26 38 34 15 33 53 42 6 24 25 19 13 21 12 40 29
24 16 56 21 13 58 52 64 44 50 17 30 19 32 46 42 40 62 4 28 57 49 18 6 20 47 31 45 7 61 41 8 22 3 48 63 26 12 36 10 15 55 9 60 37 2 35 14 59 11 33 29 53 39 25 38 51 54 1 43 5 34 27 23
15 29 49 59 45 16 48 22 18 60 33 20 43 4 41 12 6 58 37 7 31 54 26 5 3 64 32 19 25 1 50 46 61 30 39 27 17 47 13 53 55 57 44 62 40 56 11 35 42 63 38 10 14 24 28 51 8 21 52 23 9 34 2 36
1 3 64 26 25 32 8 39 53 22 29 15 59 2 31 24 4 44 13 19 33 37 16 48 60 5 18 49 55 6 61 47 27 21 14 57 34 36 35 54 17 56 30 58 52 10 51 28 46 9 11 41 40 12 45 63 43 20 23 50 62 7 42 38
33 50 14 42 34 64 62 56 4 17 57 55 7 39 37 36 12 49 5 15 27 54 29 2 10 6 30 24 3 45 51 32 61 35 60 20 19 21 43 25 59 41 11 48 16 8 22 9 40 58 1 28 44 63 13 53 47 52 46 23 26 38 31 18
50 30 56 21 61 55 63 64 29 54 38 10 28 12 25 60 22 9 42 7 8 14 36 5 53 18 58 16 23 44 20 1 24 39 31 47 59 13 62 27 32 11 4 6 26 57 2 49 35 33 34 46 17 51 45 52 40 37 41 3 48 15 43 19
59 56 62 52 30 43 49 47 13 41 53 22 37 9 2 8 32 5 42 39 19 20 34 18 16 45 7 21 40 50 61 14 60 29 28 1 4 3 54 64 6 36 46 17 24 57 15 51 23 12 26 38 48 31 10 35 27 55 33 44 25 11 58 63
13 32 19 17 35 51 6 61 31 12 47 36 40 53 1 63 4 22 44 37 62 34 49 24 33 5 58 57 25 38 10 28 7 23 8 59 60 42 52 55 46 56 48 9 27 11 30 18 39 50 26 64 54 14 43 41 45 29 15 2 3 20 16 21
3 54 50 42 52 32 20 62 33 31 18 47 46 56 30 26 7 35 14 59 16 17 48 9 61 51 23 58 21 19 40 5 41 8 39 34 53 38 63 57 2 55 64 15 10 37 49 1 11 22 28 12 6 60 44 45 27 4 25 24 13 36 29 43
59 40 44 13 49 26 25 35 62 24 51 46 58 38 42 57 45 4 52 20 30 1 2 60 54 11 43 5 31 64 28 47 22 3 41 27 29 12 36 15 7 53 17 21 8 18 55 39 32 19 37 34 63 23 10 33 16 6 50 14 56 61 48 9
11 22 4 2 14 35 58 27 59 51 30 57 23 41 24 61 53 8 28 39 5 63 10 52 6 12 31 7 48 19 18 13 45 21 42 32 36 43 55 29 56 37 54 26 17 25 20 33 49 60 46 16 3 50 62 44 1 40 38 15 47 34 64 9
43 57 45 53 27 21 37 4 8 38 61 56 39 30 52 7 12 19 16 23 41 42 28 63 49 54 44 58 25 11 17 13 33 36 29 40 59 26 15 24 3 20 62 35 10 31 1 2 48 32 14 64 55 46 22 47 34 18 6 60 50 5 9 51
48 43 37 13 52 16 2 53 57 8 58 33 15 50 5 61 9 44 24 64 59 10 25 49 46 27 45 30 4 39 40 14 42 7 32 19 21 6 1 63 12 26 35 47 38 36 56 55 18 54 51 62 28 60 34 3 11 23 20 29 22 31 17 41
59 7 58 9 30 32 51 60 6 31 62 21 63 29 20 38 46 17 33 43 23 8 16 41 35 39 26 53 12 55 18 57 27 50 24 47 25 42 48 2 13 14 34 45 4 11 37 49 10 15 28 5 1 54 44 64 36 3 61 19 52 22 56 40
10 23 43 56 12 20 1 22 14 64 51 4 28 32 31 39 13 53 2 9 29 38 18 42 25 44 60 11 63 15 48 62 34 41 5 37 17 55 47 50 26 49 59 24 21 46 57 3 30 19 8 45 61 7 58 36 27 6 54 52 35 40 33 16
16 58 11 38 3 23 12 45 18 9 64 27 42 52 34 51 44 37 48 15 32 35 33 31 28 57 30 14 26 24 59 39 40 47 8 22 10 53 4 13 25 63 5 43 2 36 21 41 6 17 19 60 61 29 1 20 55 49 46 62 56 54 7 50
30 15 8 6 43 25 36 16 56 5 27 58 17 63 57 52 34 54 4 28 29 35 37 38 45 47 22 33 24 62 59 49 23 31 46 50 64 14 32 18 2 55 12 53 41 20 48 13 26 60 9 10 61 1 7 40 3 42 11 39 19 21 44 51
4 40 19 1 24 45 63 12 53 30 47 21 8 46 35 26 20 41 48 33 60 56 49 38 11 59 54 61 17 23 31 14 29 42 55 62 36 51 39 25 3 34 22 27 50 7 58 52 44 57 2 28 43 6 9 15 16 13 37 64 32 5 10 18
29 16 62 56 7 24 26 31 41 22 8 47 55 21 50 5 58 48 61 32 10 43 6 15 3 54 19 46 14 39 33 28 30 17 38 13 57 45 40 36 51 63 59 27 34 37 25 53 20 9 64 11 35 2 12 18 49 60 52 23 42 1 44 4
34 54 37 21 61 60 20 18 53 59 12 48 19 36 35 4 31 2 3 17 10 1 8 24 16 33 29 57 5 26 6 27 39 23 47 49 13 38 58 46 9 14 56 22 32 50 55 25 52 15 51 45 40 30 11 62 64 44 63 42 7 41 43 28
27 39 40 24 22 41 8 59 14 50 42 63 38 46 49 45 48 33 47 25 29 20 60 57 2 9 52 23 31 3 32 13 37 16 35 6 12 62 55 30 28 5 7 1 11 21 4 34 36 17 15 10 26 64 61 19 18 58 44 43 51 53 54 56
17 50 9 15 1 41 19 36 64 45 63 28 23 51 56 22 2 42 35 43 12 31 59 60 26 27 39 13 33 34 32 61 25 49 6 62 3 24 30 55 21 16 29 52 47 48 4 10 7 14 53 20 37 58 18 57 40 5 54 8 44 46 38 11
9 64 18 48 51 61 3 15 50 17 37 32 62 7 27 59 4 38 56 22 34 2 52 45 29 60 23 10 1 63 5 43 40 53 25 47 8 33 20 11 6 26 54 42 44 41 24 21 30 12 57 58 13 36 49 14 28 31 19 16 35 46 39 55
1 4 34 30 53 45 42 35 52 26 40 14 22 54 48 10 57 15 23 56 28 21 24 39 58 46 13 16 60 2 50 47 7 17 64 51 20 43 55 6 37 5 19 61 63 8 12 3 59 32 29 33 41 62 44 25 49 38 27 36 11 31 18 9
62 58 61 60 24 12 64 9 13 8 15 43 4 59 32 1 22 54 44 33 41 16 23 39 35 28 7 42 25 34 18 45 52 63 17 50 48 31 47 6 11 37 40 14 29 3 38 53 2 26 51 21 46 5 10 36 55 27 57 30 49 56 19 20
50 46 13 42 10 7 48 56 23 54 27 39 62 19 60 32 22 58 12 31 47 4 36 26 6 25 15 57 24 3 16 52 1 55 34 14 33 29 40 37 59 28 45 17 2 30 44 11 63 8 53 35 41 18 64 9 21 43 5 49 51 38 61 20
57 1 45 52 48 49 46 5 47 35 64 8 7 10 58 39 21 50 12 61 62 6 26 20 18 32 38 42 24 53 44 13 37 16 60 2 29 15 22 23 36 30 4 55 3 51 19 14 54 43 33 17 56 11 28 9 25 41 31 63 34 27 59 40
4 11 36 63 31 44 29 6 13 64 54 7 26 58 56 15 5 8 55 49 18 10 1 41 30 43 23 50 48 57 25 38 40 53 3 2 21 37 52 62 61 39 19 24 14 59 17 47 35 34 60 51 32 33 28 22 12 9 45 20 16 27 46 42
11 45 26 32 49 64 51 17 16 53 61 29 13 8 36 37 41 6 55 60 50 1 7 22 5 31 15 43 57 44 9 12 38 63 21 34 40 27 47 54 48 33 18 24 58 19 23 25 35 39 20 30 42 3 62 4 56 2 59 52 46 10 28 14
2 61 14 46 56 33 49 48 52 57 9 26 40 8 59 43 31 44 50 12 39 38 51 10 37 28 5 29 55 35 16 63 20 19 60 6 47 17 11 24 58 64 21 15 4 1 13 25 41 18 53 7 32 36 42 27 62 54 23 3 22 34 30 45
44 61 64 16 40 36 39 43 4 11 35 42 34 55 45 26 9 14 27 13 22 48 10 12 15 56 6 51 62 17 46 47 29 37 20 28 24 31 53 21 2 38 8 58 19 52 25 33 3 59 41 63 1 49 50 54 23 60 18 30 32 57 5 7
17 61 30 35 51 53 18 40 62 7 48 45 31 4 46 29 11 36 49 37 55 14 50 58 24 34 20 22 5 27 44 64 9 56 23 21 47 59 12 13 26 39 25 8 38 19 41 3 60 42 28 1 15 54 57 10 63 33 2 43 52 16 32 6
40 26 47 51 39 55 32 10 37 20 29 16 52 14 46 38 61 49 64 12 43 1 13 18 11 28 4 2 23 24 3 57 5 50 8 27 58 56 22 30 7 25 33 54 9 44 19 53 6 60 41 48 15 17 31 59 42 62 36 21 63 35 45 34
12 55 41 29 27 1 19 58 32 59 48 36 7 4 37 38 17 22 30 5 28 2 45 3 57 15 62 61 51 54 11 10 9 8 39 34 13 64 50 35 14 21 20 42 18 60 53 40 16 24 6 63 56 44 33 52 49 26 23 43 47 25 46 31
34 19 22 31 4 52 1 57 20 44 17 11 41 10 29 7 56 14 42 49 25 6 39 36 15 16 33 3 58 38 63 8 21 47 51 53 5 27 2 43 59 50 18 37 60 45 62 28 32 9 55 13 46 40 61 35 12 30 24 64 54 26 48 23
8 31 30 39 48 57 36 50 43 3 9 53 44 28 35 13 4 12 20 19 38 11 5 58 63 49 2 33 17 64 27 18 34 40 16 14 60 51 10 1 23 45 59 56 47 54 55 32 21 6 25 37 7 29 22 42 46 61 26 62 41 52 15 24
58 42 64 28 41 31 23 37 22 13 9 14 24 34 4 56 27 15 38 30 60 57 45 11 47 1 18 16 7 19 10 33 2 49 25 44 63 62 3 29 32 21 8 39 26 5 40 59 55 50 46 12 43 61 36 35 6 17 53 48 52 20 54 51
10 34 26 51 63 46 13 59 7 25 19 5 47 1 58 55 52 30 3 11 16 12 31 8 48 42 56 23 57 39 49 41 6 33 28 20 50 29 36 43 21 4 18 44 62 14 2 15 35 38 37 22 45 60 32 9 24 40 27 54 64 17 53 61
18 28 23 24 52 22 11 21 27 8 42 47 33 10 13 9 31 5 64 60 51 38 43 15 54 32 53 34 2 16 50 57 40 56 1 25 48 39 20 55 4 58 49 14 7 26 35 12 3 45 61 44 63 6 36 29 62 59 30 37 46 17 41 19
26 12 57 47 45 4 48 41 35 64 53 58 29 27 63 13 55 40 56 9 44 19 17 2 6 51 36 1 20 5 49 61 7 42 25 62 32 39 46 52 60 3 33 59 34 14 31 23 11 21 22 15 28 43 16 37 24 50 8 38 18 54 10 30
64 4 35 33 21 10 37 16 49 41 46 27 63 58 30 3 9 6 22 29 31 13 47 59 12 36 53 26 55 5 60 14 56 11 62 19 18 50 39 28 54 24 20 17 38 45 48 61 15 51 34 8 23 7 57 1 44 32 40 43 52 2 25 42
19 42 1 2 54 25 56 18 58 49 51 24 29 34 52 62 23 64 20 41 40 57 31 36 59 27 6 11 30 50 47 33 7 53 5 43 8 3 46 28 21 45 55 63 22 48 35 37 16 44 26 61 9 39 60 10 12 17 38 13 32 4 14 15
15 3 23 60 34 22 36 61 7 13 33 42 45 5 57 52 9 31 48 18 43 62 55 28 38 25 32 10 35 16 53 63 41 17 19 56 46 59 54 30 2 40 11 47 8 51 14 50 24 12 37 49 64 6 29 39 1 44 21 58 27 26 20 4
50 52 10 24 21 14 31 51 5 54 12 59 29 53 26 64 40 41 20 13 47 56 3 60 33 25 30 37 32 61 16 48 46 1 57 2 34 42 17 43 49 15 28 58 9 35 23 63 39 45 38 4 22 7 19 55 27 8 6 36 11 62 18 44
49 57 20 45 23 64 24 18 2 52 15 22 5 27 26 13 30 43 46 56 40 62 35 51 34 4 36 39 38 47 16 41 60 61 33 19 10 58 6 28 42 14 63 1 9 44 48 21 54 17 37 8 12 11 53 59 55 7 25 50 32 31 3 29
53 60 55 16 7 5 46 18 40 45 56 62 29 8 32 22 47 58 34 21 13 33 30 52 36 59 41 43 61 31 51 9 50 64 37 4 17 25 26 54 39 12 28 24 11 38 49 20 57 14 10 6 42 35 63 3 23 2 48 15 19 27 1 44
7 35 24 9 46 59 54 63 52 14 5 47 57 64 6 29 11 48 62 30 10 44 41 58 36 45 55 13 25 2 60 3 28 53 18 21 8 20 51 50 43 39 61 37 17 22 56 15 27 19 33 49 26 38 34 42 40 4 32 1 12 16 23 31
1 4 16 56 13 39 54 6 63 58 20 29 26 7 61 46 43 35 42 9 19 31 55 34 22 3 44 10 33 2 38 27 23 30 50 57 11 18 48 52 25 37 59 32 21 8 49 62 53 5 15 14 64 40 17 41 45 36 60 47 51 28 12 24
36 56 7 15 20 64 33 59 43 55 44 10 35 32 62 1 40 5 31 14 50 6 52 58 57 18 11 30 28 12 24 34 47 49 45 54 4 42 26 48 29 25 39 8 3 21 63 46 41 27 22 51 13 61 16 53 23 17 60 9 38 19 37 2
49 57 63 6 58 60 27 35 50 47 24 9 26 18 41 34 61 37 8 1 55 33 7 20 28 13 23 3 25 12 17 54 15 59 44 19 10 16 22 45 39 53 48 52 30 21 56 4 36 46 29 32 11 51 38 14 62 64 31 40 5 42 2 43
35 50 31 13 24 43 2 51 53 14 46 6 62 44 56 37 10 41 25 1 57 63 42 34 4 15 21 60 58 29 48 8 17 64 38 32 19 11 55 22 40 3 47 12 23 5 49 36 9 59 28 45 18 16 26 54 7 52 30 20 27 39 33 61
54 55 28 52 1 13 47 60 5 9 23 64 7 37 45 12 62 21 57 24 31 26 10 16 4 34 29 35 56 49 30 58 43 63 42 11 18 40 6 48 53 20 39 14 51 59 41 33 25 8 44 19 50 61 2 38 3 15 27 36 46 32 17 22
15 40 47 36 14 54 11 43 26 56 35 57 18 61 6 39 45 31 32 44 50 10 19 17 60 1 13 42 49 20 16 30 21 38 64 24 41 29 62 51 59 4 58 28 2 12 8 48 37 23 27 34 7 9 3 63 52 5 33 55 25 53 46 22
21 31 5 34 35 3 59 27 4 63 12 15 56 26 62 55 48 25 29 64 47 23 28 6 18 53 42 38 58 32 40 52 24 54 45 2 61 1 8 14 9 43 51 10 7 33 20 17 41 49 57 39 60 36 19 11 13 46 30 44 50 37 16 22
13 33 34 44 2 9 60 20 40 49 7 15 24 25 42 30 48 39 45 17 50 63 28 35 36 54 21 11 51 57 18 55 26 27 19 4 1 31 62 29 41 14 52 38 10 47 32 22 3 43 64 58 5 6 23 59 37 12 16 8 46 53 56 61
61 52 20 21 28 49 56 60 3 32 42 24 33 47 55 35 27 4 8 15 17 58 53 29 16 13 31 59 38 57 54 10 6 2 11 64 62 26 7 25 23 30 14 34 40 12 36 41 43 1 50 51 37 5 63 45 48 9 22 39 18 44 46 19
31 3 59 63 41 11 9 6 43 14 55 56 39 47 21 23 45 7 30 28 44 29 26 24 49 48 27 53 60 17 16 35 64 42 19 54 25 1 61 20 4 22 33 62 50 57 37 2 8 10 51 5 52 15 36 34 40 58 32 13 46 12 18 38
5 51 35 52 1 41 44 38 14 62 28 47 36 12 21 27 59 8 48 3 7 6 20 19 33 25 24 56 32 13 46 4 53 9 64 37 15 55 43 31 2 57 29 54 30 63 23 22 58 11 26 40 60 50 34 49 17 18 61 39 42 45 16 10
46 52 16 36 25 34 49 6 55 41 23 7 11 58 50 40 8 29 21 19 32 62 24 48 18 53 57 4 13 43 44 31 27 15 61 38 39 22 2 17 28 33 26 9 37 3 51 42 5 63 64 12 54 56 30 14 1 60 47 35 45 10 20 59
51 39 6 2 27 5 8 18 13 44 62 43 19 16 45 42 48 53 24 15 33 34 26 61 12 17 3 1 37 46 32 55 25 11 21 41 59 14 20 57 52 36 47 30 54 29 7 58 22 60 40 28 23 50 35 9 64 4 63 31 10 38 49 56
34 22 49 25 47 36 10 46 15 40 33 37 30 21 12 20 43 48 51 62 26 8 41 59 31 64 60 63 32 11 53 42 7 4 3 54 2 35 38 56 17 45 24 16 50 55 29 28 27 57 23 19 44 61 1 9 13 5 18 6 14 58 52 39
51 7 26 24 60 23 41 64 1 53 36 31 57 43 11 10 35 37 33 14 54 30 12 21 45 20 63 25 28 27 61 22 46 29 5 9 4 8 38 48 55 6 59 13 62 50 32 3 58 44 49 39 18 34 15 40 42 17 52 56 47 2 16 19
37 24 48 10 1 14 29 31 23 32 34 60 2 58 56 49 63 12 22 26 59 50 47 36 25 51 28 4 11 8 55 20 39 44 21 42 18 40 64 45 15 46 57 13 17 16 38 41 54 35 5 61 43 27 53 3 52 30 6 7 62 19 33 9
56 55 16 32 9 42 34 36 50 10 64 62 2 13 17 40 51 41 11 63 30 22 44 7 29 60 31 39 38 33 3 37 15 61 19 46 28 53 1 5 57 12 8 20 59 54 47 18 43 49 23 48 58 27 45 52 24 25 21 14 4 26 6 35
38 51 33 3 24 20 14 42 25 12 8 61 17 31 21 1 50 43 40 30 15 10 53 41 45 27 11 13 55 16 4 52 60 36 63 46 39 44 7 56 28 19 6 32 48 18 26 22 64 62 2 57 54 5 35 34 47 37 58 49 9 59 29 23