32
1 4 32 28 20 18 14 7 31 8 6 10 19 3 30 24 25 23 12 27 16 26 29 17 9 5 11 2 22 15 13 21
8 3 11 29 16 12 23 19 31 4 7 27 9 10 2 15 13 22 32 28 24 1 21 20 25 17 5 6 14 26 18 30
17 28 9 15 6 32 18 10 19 7 29 31 1 21 24 14 20 11 27 4 5 12 8 30 2 22 16 25 3 26 23 13
12 3 2 31 20 26 11 17 5 13 22 16 4 30 15 24 6 28 14 10 25 7 21 23 8 9 29 18 27 32 19 1
21 11 6 31 20 23 26 3 15 18 9 30 7 17 24 25 10 5 29 28 12 22 4 19 1 14 13 8 16 32 2 27
24 23 31 7 14 21 30 3 11 29 10 32 25 9 8 13 19 1 18 2 27 26 15 4 5 12 16 17 22 28 20 6
11 3 32 28 7 16 10 2 1 30 12 15 14 27 8 24 21 4 31 25 6 22 17 13 20 26 23 9 5 18 29 19
26 9 31 28 20 1 8 29 15 23 10 2 13 21 17 4 6 11 14 18 32 5 24 12 27 22 30 7 19 16 3 25
28 30 10 12 8 16 3 4 18 24 22 25 5 23 17 9 21 11 19 20 14 26 6 29 15 31 7 1 13 32 2 27
24 30 23 25 29 4 31 17 19 21 28 10 7 20 15 27 5 22 6 2 18 16 14 1 26 8 9 3 13 12 11 32
8 20 23 27 28 2 18 10 11 4 29 32 19 12 15 25 3 21 6 14 31 7 30 26 16 5 22 1 13 17 9 24
18 23 7 29 30 27 2 6 20 28 32 19 1 21 14 9 11 22 26 5 15 10 17 4 12 3 16 25 31 8 24 13
9 3 22 18 29 1 17 11 6 15 14 24 8 4 31 23 27 20 12 5 7 30 28 25 21 2 19 13 26 32 16 10
27 9 28 20 30 5 23 15 16 13 4 21 26 8 22 10 19 18 6 32 17 31 14 11 29 24 12 2 3 7 1 25
31 29 9 16 32 11 3 1 4 2 6 18 30 14 28 17 15 27 26 19 5 23 12 20 22 13 10 24 25 21 7 8
27 9 28 19 25 26 20 31 24 16 29 22 12 21 17 2 6 13 4 11 32 7 18 5 3 30 10 23 1 15 14 8
11 22 15 30 17 23 18 8 20 13 24 4 29 10 25 19 2 32 16 28 14 9 7 6 26 5 21 3 31 27 12 1
24 5 2 6 22 31 7 32 16 3 27 20 25 13 12 11 18 23 4 29 15 19 21 26 28 9 1 17 30 14 10 8
30 19 18 26 32 24 22 29 21 13 31 25 12 15 4 11 8 7 14 10 23 3 16 20 9 5 1 27 6 17 28 2
8 28 19 1 5 22 13 30 4 32 7 23 2 31 24 15 9 12 14 3 25 29 11 18 27 21 10 6 20 17 16 26
14 19 26 23 24 18 10 15 8 9 12 11 20 29 31 28 22 13 5 6 16 30 2 4 1 25 21 27 3 32 7 17
2 3 29 26 6 21 7 12 28 14 19 10 16 32 9 22 5 1 23 4 20 13 24 31 25 17 11 15 18 27 8 30
9 20 16 18 12 5 27 19 26 29 30 1 4 11 10 23 7 22 25 15 31 2 32 21 13 17 24 3 14 28 6 8
26 20 28 31 2 1 27 5 17 24 7 25 15 29 11 32 4 6 16 3 9 22 21 10 23 19 30 14 12 18 13 8
14 12 27 30 31 16 29 1 32 28 22 3 8 10 17 18 23 20 24 15 11 26 2 21 7 9 25 5 4 13 19 6
19 12 9 31 17 20 11 2 13 22 26 16 32 24 3 5 25 21 15 28 4 29 30 8 14 18 1 27 10 23 7 6
4 7 16 17 24 3 22 27 15 5 9 29 20 30 23 1 13 25 21 18 28 14 26 10 8 32 11 12 31 19 6 2
17 19 5 6 32 2 23 8 22 26 1 12 31 21 29 18 7 14 15 3 28 25 13 27 24 4 16 20 9 30 10 11
28 29 18 20 13 25 1 8 19 9 23 14 22 16 27 15 7 17 12 4 30 32 26 3 2 31 6 24 5 10 21 11
22 16 7 5 30 9 4 19 14 8 29 32 17 23 31 27 26 1 20 13 28 15 12 10 21 2 24 6 25 3 11 18
28 24 29 25 14 27 6 21 2 18 20 8 17 19 11 31 10 1 32 4 30 26 9 23 12 3 7 13 5 16 15 22
10 9 29 12 17 8 2 5 19 13 22 16 4 1 6 24 20 14 30 7 3 21 11 26 23 28 31 25 27 32 15 18
8 29 4 26 31 25 23 22 6 10 27 28 7 24 13 15 18 32 11 16 19 5 17 14 2 30 20 21 12 1 9 3
10 31 18 25 6 30 2 7 13 23 16 1 21 29 26 19 32 4 27 14 17 15 9 20 24 3 22 11 12 5 8 28
4 28 29 6 27 23 8 16 11 5 30 21 20 24 19 12 32 22 26 7 9 15 17 1 14 10 13 18 3 2 31 25
8 28 13 17 25 11 23 1 32 5 16 24 22 10 2 7 29 14 18 30 4 9 15 19 21 6 26 12 31 27 20 3
3 4 30 20 7 15 18 2 13 22 11 24 25 29 26 31 17 12 23 6 19 9 28 1 21 27 5 14 10 16 32 8
5 9 32 4 1 20 12 23 14 15 3 21 27 2 6 28 17 18 22 7 30 19 13 29 31 25 11 10 8 26 24 16
13 25 7 6 17 14 30 26 2 9 3 12 28 21 18 32 19 23 27 10 1 11 29 24 4 20 8 15 22 31 5 16
17 6 5 31 4 22 16 32 21 1 29 13 30 27 20 26 7 11 24 3 10 18 15 25 9 12 28 19 14 23 8 2
8 5 31 20 23 10 16 30 6 3 22 9 2 18 17 32 7 4 27 21 15 25 24 14 26 13 19 1 28 11 12 29
17 19 14 23 21 30 8 5 10 4 1 27 31 9 7 24 16 11 32 25 2 6 22 20 3 29 18 28 15 26 13 12
10 16 7 4 14 5 30 21 3 25 23 28 17 2 19 20 11 22 8 12 32 18 27 13 9 24 26 6 31 1 29 15
4 17 8 2 11 25 15 29 24 30 7 28 16 3 19 32 14 1 20 26 12 23 21 10 9 5 22 6 13 27 18 31
12 31 15 27 20 21 25 7 14 19 2 29 5 24 10 30 16 18 26 6 28 4 8 17 22 3 1 23 9 13 32 11
23 13 18 26 21 3 28 22 32 11 2 12 30 9 15 4 5 31 19 10 16 6 27 1 24 25 8 29 7 14 20 17
19 13 32 18 10 31 3 25 6 27 24 9 29 11 17 21 2 14 22 30 23 26 16 28 8 4 20 5 7 15 12 1
15 12 21 2 4 25 1 18 29 5 32 23 27 16 8 30 24 3 22 7 11 19 13 6 10 14 9 31 26 20 17 28
27 21 30 26 3 13 17 6 24 12 1 8 18 14 2 11 10 5 23 29 25 16 7 32 9 15 19 4 28 20 22 31
1 6 23 12 20 26 31 9 15 11 4 13 19 10 8 21 18 28 32 25 14 24 3 2 7 30 16 27 5 29 17 22
2 17 22 12 27 7 3 5 19 21 18 14 24 30 4 9 26 10 15 23 11 8 31 13 25 16 28 6 1 32 20 29
6 11 18 5 7 27 10 28 3 23 24 30 25 4 8 2 26 15 22 13 9 29 17 20 14 16 31 1 12 32 19 21
28 3 32 15 11 5 27 22 31 26 20 16 10 9 6 18 25 29 4 17 7 30 1 13 8 12 21 23 24 14 19 2
9 8 15 12 14 4 28 17 23 19 2 27 18 6 29 7 1 32 31 16 20 22 25 24 5 26 10 21 30 11 13 3
5 4 2 22 15 14 11 32 24 19 8 16 29 28 9 17 12 3 7 23 6 13 10 31 26 30 18 25 20 1 27 21
10 7 29 15 19 6 3 8 11 25 23 27 22 16 14 12 9 4 17 32 30 31 18 24 5 13 26 2 21 28 20 1
2 30 12 20 17 5 1 7 3 13 18 26 23 6 11 25 32 9 28 24 16 14 31 8 10 27 22 15 19 29 21 4
12 11 1 13 31 21 23 2 17 3 6 20 14 24 4 32 9 29 22 5 19 28 15 30 26 16 10 27 25 7 8 18
4 23 24 18 29 25 32 12 9 28 21 14 1 13 5 19 26 17 2 27 10 20 15 22 11 30 6 3 7 16 31 8
26 9 1 7 28 16 5 2 30 20 25 21 6 23 11 24 14 12 27 8 17 22 10 19 31 13 32 29 18 3 4 15
29 20 23 12 4 15 31 7 26 13 5 6 27 19 14 3 11 17 18 8 2 22 21 1 32 25 30 9 16 10 28 24
3 29 14 27 21 12 6 23 15 28 1 32 5 30 25 18 8 26 9 2 4 19 16 17 7 10 24 31 20 11 22 13
17 12 11 3 28 15 16 6 21 30 10 22 1 5 25 27 26 9 29 19 13 23 18 14 7 8 32 20 24 31 2 4
23 11 21 19 3 15 32 2 30 6 28 5 7 29 27 18 22 31 20 14 9 12 25 4 17 10 24 16 13 1 8 26